3651
4208
4203
4313
5319
7924
8574
10697
11506
11964a
11964a
12661
12661
13931
16141
17156
hip14810
hip14810
hip14810
22049
24040
28185
285968
hip22627
33283
33636
34445
37124
37124
37124
37605
38529
38529
40979
43691
45350
46375
49674
50499
50554
52265
66428
68988
69830
69830
69830
72659
73256
73534
gl317
74156
74156
75732
75732
75732
75732
75732
75898
80606
82943
82943
83443
86081
87883
88133
92788
bd-103166
95128
95128
96167
99109
99492
hip57087
102195
107148
108874
108874
109749
114783
114729
117176
117207
125612
126614
128311
128311
130322
134987
134987
hip74995
hip74995
hip74995
hip74995
141937
143761
145675
147506
149026
149143
154345
164922
168443
168443
168746
169830
169830
170469
175541
177830
178911b
179079
179949
183263
183263
231701
186427
187123
187123
188015
189733
190228
190360
190360
192263
195019
209458
210277
hip109388
gl876
gl876
gl876
217014
htr205-23
217107
217107
222582
224693

hip57274
hip57274
hip57274
207832
207832
163607
163607
gl433
164509
79498
156279
104067
gl667c
82886
90043
131496
28678
33142
96063
200964
200964
152581
116029
192310
97658
156668
158038
142245
102329
106270
5891
30856
99706
108863
1502
hip79341
171238
115617
115617
115617
95089
206610
38801
212771
hip57050
180902
181342
hip83043
102956
1461
