57670.9236 -1.5121
57671.9232 -1.5114
57672.9193 -1.5107
57673.0046 -1.5094
57673.9166 -1.5149
57675.9144 -1.5124
57676.9091 -1.5142
57676.9942 -1.5120
57677.9036 -1.5148
57677.9881 -1.5140
57679.8988 -1.5123
57679.9815 -1.5112
57680.0264 -1.5115
57681.0266 -1.5121
57687.9619 -1.5134
57688.0027 -1.5145
57690.9964 -1.5152
57691.8693 -1.5131
57699.9753 -1.5182
57700.9763 -1.5130
57706.9831 -1.5162
57731.7608 -1.5118
57731.8455 -1.5131
57731.8884 -1.5132
57732.9758 -1.5105
57734.7505 -1.5148
57740.8498 -1.5164
57740.8821 -1.5151
57746.7211 -1.5130
57746.8479 -1.5145
57749.7142 -1.5153
57749.7959 -1.5128
57749.8700 -1.5081
57759.6851 -1.5118
57759.7737 -1.5115
57759.8159 -1.5133
57760.6794 -1.5144
57760.8144 -1.5159
57779.8119 -1.5120
57780.6907 -1.5112
57780.7526 -1.5106
57781.6976 -1.5140
57781.7466 -1.5091
57781.7828 -1.5109
57782.6941 -1.5168
57782.7782 -1.5146
57783.6936 -1.5147
57783.7452 -1.5116
57783.7759 -1.5150
57784.6822 -1.5137
57784.7426 -1.5075
57784.7733 -1.5114
57785.7362 -1.5162
57786.6654 -1.5184
57786.7360 -1.5138
57786.7667 -1.5070
57805.6490 -1.5117
57807.6578 -1.5106
57808.6529 -1.5103
57809.6568 -1.5158
57810.6575 -1.5142
57825.6592 -1.5167
57827.6523 -1.5060
57829.6479 -1.5104
57834.6517 -1.5076
57835.6482 -1.5151
57836.6526 -1.5145
57837.6529 -1.5086
57840.6356 -1.5094
57841.6406 -1.5130
57842.6368 -1.5082
57848.6252 -1.5090
57850.6348 -1.5161
57854.6229 -1.5097
57856.6275 -1.5056
57858.6182 -1.5083
