54764.0296 -1.5117
54764.8754 -1.5116
54765.0129 -1.5125
54765.0308 -1.5130
54766.8252 -1.5112
54767.0109 -1.5132
54767.8664 -1.5123
54768.8192 -1.5146
54769.0099 -1.5154
54770.0202 -1.5139
54770.8600 -1.5134
54770.9979 -1.5103
54771.0213 -1.5130
54771.8598 -1.5158
54771.9949 -1.5144
54772.0182 -1.5124
54772.8552 -1.5140
54774.0083 -1.5156
54774.8483 -1.5130
54775.0084 -1.5135
54775.8024 -1.5123
54775.9914 -1.5136
54776.8441 -1.5136
54776.9795 -1.5131
54777.0031 -1.5136
54777.8400 -1.5144
54777.9842 -1.5138
54778.8369 -1.5154
54778.9784 -1.5135
54779.0014 -1.5113
54779.8392 -1.5141
54779.9797 -1.5125
54779.9976 -1.5121
54782.9190 -1.5172
54788.9096 -1.5151
54789.8499 -1.5145
54789.9411 -1.5157
54789.9595 -1.5148
54789.9908 -1.5151
54790.8515 -1.5145
54790.9433 -1.5135
54790.9668 -1.5136
54790.9927 -1.5162
54791.8351 -1.5112
54794.9425 -1.5147
54800.8044 -1.5130
54800.9256 -1.5130
54801.7927 -1.5137
54801.9202 -1.5136
54802.9217 -1.5124
54803.9151 -1.5135
54804.7677 -1.5126
54809.8178 -1.5129
54810.9124 -1.5123
54811.7070 -1.5108
54811.8394 -1.5143
54811.9065 -1.5140
54821.7697 -1.5154
54821.8766 -1.5128
54822.7694 -1.5144
54822.8639 -1.5140
54830.7940 -1.5122
54833.7611 -1.5165
54833.8345 -1.5142
54834.7556 -1.5143
54834.8348 -1.5166
54839.6860 -1.5150
54839.7488 -1.5145
54839.7661 -1.5147
54843.7846 -1.5153
54843.8683 -1.5155
54844.8170 -1.5135
54844.8417 -1.5135
54845.7990 -1.5128
54847.8036 -1.5135
54848.8377 -1.5150
54849.7944 -1.5159
54856.8024 -1.5136
54860.7867 -1.5148
54861.7864 -1.5148
54863.7241 -1.5132
54864.7028 -1.5122
54864.7596 -1.5124
54865.6711 -1.5150
54865.7558 -1.5146
54866.6593 -1.5153
54866.7095 -1.5130
54866.7589 -1.5150
54876.7490 -1.5110
54882.7368 -1.5151
54883.7529 -1.5141
54884.7355 -1.5133
54891.6930 -1.5113
54892.6665 -1.5117
54898.6942 -1.5115
54901.7697 -1.5102
54902.6911 -1.5120
54903.6964 -1.5133
54906.6867 -1.5164
54907.6880 -1.5148
54908.6829 -1.5126
54909.6820 -1.5140
54913.6709 -1.5125
54914.6644 -1.5127
54918.6587 -1.5138
54919.6629 -1.5100
54920.6421 -1.5142
54921.6506 -1.5117
54928.6404 -1.5129
54934.6327 -1.5123
54939.6352 -1.5132
54943.6364 -1.5109
54944.6358 -1.5112
54945.6361 -1.5160
54947.6382 -1.5123
