225261
hip428
38b
38a
283
377
531a
531b
hip1368
1388
1326
1326b
1461
1832
2025
3074a
gl26
3651
3795
3765
4208
4203
4256
4307
4747
5372
5470
gl47
gl48
gl49
6558
6734
6872b
6872a
hip5643
8038
8389
8328
8574
8648
8765
9070
9331
9540a
9562
9407
9518a
s11844
10002
9986
10145
10476
10436
10700
10697
11020
11964a
12051
gl83.1
12661
12846
13043
gl87
13612b
hip10449
13997
13931
14412
hip11048
15335
16141
16287
16275
16397
16623
gl109
17190
17660
18143
18445
18632
18803
19034
19467
19308
19373
20165
20619
20675
21019a
hip15904
21197
21313
21774
hip16404
21847
22072
22282
22879
23249
23356
23439
24040
24213
24365
24496
s130811
24341
24238
24727
24892
24916
24451
25682
281540
25825
26151
26161
26794
26965
28187
28005
28343
232979
hip21556
29461
29528
285968
30708
30649
hip22627
31253
31560
31412
31966
hip23512
33021
32963
33793
33636
34445
34721
34411
34745
34575
35627
35974
36003
36308
36395
37213
245409
37124
37962
38392
38230
38529
38858
39881
40397
40979
40647
gl226
42581
42618
42250
43745
43947
44420
45184
45067
44985
45588
45350
46375
gl239
47157
48938
49674
50499
50281
50806
50639
50554
265866
50692
51219
52265
52456
51866
52711
53665
56274
56303
gl273
58781
60491
61606
63754
65277
65430
65583
66428
67458
66171
67767
68017
68168
68978
gl2066
68988
69809
71334
71479
71881
72673
72659
73667
74156
75732
75732b
76909
79210
79211
80367
80606
g161-29
233641
hip46655
82943
gl357
83443
84035
hip48714
87359
87424
87836
88072
88218
88371
gl382
88725
88986
89391
89269
gl388
90156
90125
hip51007
90711
90722
gl393
90875
gl397
91204
92222a
92788
93745
hip52942a
hip53020
gl406
bd-103166
gl408
95650
95735
gl412a
96700
hip54532
97101
97343
97658
98281
98618
99109
99491
99492
100180
100623
gl433
101259
hip57087
102158
hip57450
gl445
hip57548
gl450
103432
103829
103932
104067
104556
104800
105113
105618
105631
hip59406b
106116
106156
107148
hip60559
g60-06
108874
109358
110315
110537
111031
gl486
111484b
111484a
111515
111631
112257
hip63510
114174
114783
114729
114946
115589
116442
116443
117207
117936
hip66459
118914
119850
hip67164
120066
gl528b
120476a
120467
122064
122120
122303
122652
124106
125184
125455
126053
126614
hip70975
hip71253
128311
129010
hip71898
129814
130307
130322
130871
130992
131117
131509
gl569a
132142
132505
134440
134439
135101a
s101438b
134987
hip74995
136442
136713
136834
136925
137778
138549
138776
139477
139323
139457
142229
143291
144579
144585
144988
145675
145934
145958b
145958a
145809
146362b
147231
146233
147379a
147379b
146775
hip80295
gl625
hip80824
149661
149724
150433
150437
151541
150698
151288
151877
151995
152792
153525
153557
hip83043
153458
154345
154088
154363
hip84099
156026
156985
156365
gl667c
hip84790
156826
157172
157347
157338
157881
s122446
159063
159222
gl687
gl686
160693
gl694
hip86961
hip87062
161848
163153
163489
gl699
164595
164507
164922
165222
hip89215
167215
167216
167389
167665
lhs462
168443
168746
169830
170174
170469
170493
170657
g205-028
171067
gl4063
171665
171918
172310
172051
hip91699
172513
173739
173740
173701
173818
hip92403
175541
176377
230409
176982
177830
gl745a
gl745b
g207-019
178911b
179957
179958
230999
179949
180684
180617
181234
182572
183263
183650
183658
183870
185144
185295
187123
187237
187923
188015
187897
188510
189625
190067
190007
190360
190404
190406
193202
191785
192020
192263
192343
192344
193795
193901
195019b
195019
gl793
195564
196201
196850
196761
197076
gl806
199476
hip103039
198802
199305
hip103269
199960
200565
200538
200968
201203
hip104432
202575
202751
204587
hip106924
206387
207874
208801
209290
209458
209875
211681
210312
210277
hip109388
210302
210392
210460
211038
211080
212291
212801
239960
213042
213472
213519
213628
214749
215152
215578
hip112460
216520
216259
gl876
216899
217004
217107
217165
217357
217877
218168
218209
217987
218566
219538
hip114914
219542
219834b
219953
hip115332
220339
221356
222582
gl905
222697
223238
223315
gl908
223498
223691
224383
166620
10008
101206
102195
103459
104304
10442
107146
107146
10790
10853
109749
110463
110897
112914
114613
114762
11506
115404a
116321
116956
117176
118096
119802
120136
121550
124292
124642
125612
127334
127506
128165
129333
130004
136352
140538a
141004
141272
141399
141937
143006
143761
144287
144872
14655
148164
148467
149143
149806
150554
151504
152391
155358
155712
156279
156342
156668
156846
157214
158633
159062
159868
16160
161797
162232
165401
166
168009
17230
17382
174080
179079
180161
181655
182488
185414
186408
186427
188512
189733
190228
190594
191408
192310
195987
196124
197286
19773
198425
201091
201092
203030
203473
204277
205855
206658
207832
208038
208313
214683
217014
218868
219134
220221
22049
221354
221851
224619
224693
224983
225213
231701
24505
25311
25329
25665
263175
26990
281934
28946
29883
31423
32147
32923
33283
33334
34887
34957
3545
355183
35850
37008
4113
41593
43691
4614
4614b
4628
47186
47752
48682
4915
51419
52919
5319
53927
55575
55696
6101
62613
64090
72905
73344
73534
75784
75898
76780
7924
84117
84737
85301
86728
87883
88133
88230
8828
92719
9446
95128
96167
96612
97101b
9826
98630
98736
gj3470
gl250b
gl317
gl514
gl570b
hip117886
hip19165
hip19165
hip22762
hip24284
hip30112
hip36834
hip37766
hip41689
hip42220
hip46769
hip47513
hip55360
hip57050
hip60633
hip70865
hip8051
hip87579
hip91605
hip94931
v383lac
