10002
10008
100180
100623
101259
10145
101501
102158
103095
103932
104067
104304
104556
10476
104800
105113
105631
106116
106156
10697
10700
107148
10780
10790
10853
108874
109358
110315
110537
111031
111395
111515
111631
112257
112914
114174
114613
114729
114762
114783
114946
115404A
115617
116321
116442
116443
116956
117176
117207
117936
11964A
119850
120066
120136
120467
12051
122064
122120
122303
122652
124106
124292
124642
125184
125455
126053
12661
126614
127334
128165
128311
12846
130004
130307
130322
13043
130992
131156
132142
132505
1326
1326B
134987
135101A
13612B
136352
136442
136713
136925
137778
1388
13931
139323
139477
13997
140538A
141004
141272
141399
142229
142267
143761
14412
144287
144579
144585
145675
145934
145958A
145958B
1461
146233
146362B
147379A
147379B
148467
149661
149724
149806
150437
151288
151541
152391
15335
153458
153525
153557
154088
154345
154363
155712
156026
156279
156668
156985
157172
157214
157338
157347
158633
159062
159222
16141
16160
161797
16275
163153
163489
16397
164595
164922
165222
165401
166
166620
167042
167215
168009
168443
168723
168746
169830
170469
170493
170657
17190
171918
172051
17230
173701
173739
173740
17382
174080
176377
177153
177830
178911B
179949
179957
179958
180161
180617
181234
18143
182488
182572
1832
183263
183650
183658
18445
185144
185414
18632
186408
186427
187123
187237
187923
188015
18803
188512
189733
190007
190067
190360
190404
190406
191408
191785
192263
192310
192343
19308
193202
19373
193795
19467
195019
195564
196201
196761
196850
197076
198425
198802
199305
199476
199960
200968
201091
201092
20165
2025
202575
202751
204587
20619
20675
208038
208313
208801
209290
209458
21019A
210277
210302
211080
211681
21197
213042
213472
213519
214683
214749
215152
215578
216259
216520
216899
217014
217107
217165
217357
21774
217877
217987
21847
218566
218868
219134
219538
219834B
220221
220339
22049
22072
221354
221356
221851
222582
223238
223315
224383
224619
224983
225213
22879
23249
232979
23356
23439
239960
24040
24213
24238
24341
24496
245409
24727
24892
24916
25329
25665
25682
25825
26151
26161
265866
26736
26794
26965
28005
281540
28185
283
28343
285968
28946
29461
29883
30649
30708
3074A
31253
31412
31560
31966
32147
32923
32963
33021
33636
33793
34411
34445
34575
34721
34745
35627
35974
36003
36395
3651
37008
37124
37394
3765
377
3795
37962
38230
38392
38529
38858
38A
38B
39715
39881
40397
40979
41593
4203
4208
4256
42581
42618
4307
43745
43947
44420
44985
45067
45184
45350
45588
4614
4614B
4628
46375
47157
4747
47752
48682
48938
4915
49674
50281
50499
50554
50639
50692
50806
51219
51419
51866
52265
52456
52711
52919
53665
5372
55575
56274
56303
60491
6101
61606
62613
63754
65277
65430
65583
66171
66428
6734
67458
67767
68017
68168
6872A
6872B
68978
68988
69809
69830
71479
72659
72673
73344
73667
74156
75732
76909
79210
79211
7924
80367
80606
82943
8328
83443
8375
8389
84035
84117
84737
8574
8648
86728
87359
87424
8765
87883
88072
88230
88371
88725
88986
89269
90156
9070
90711
90722
90875
91204
92719
92788
9331
93745
9407
95128
9540A
9562
95650
95735
96700
97101
97101B
97343
97658
9826
98281
98618
99109
99491
99492
9986
GL109
GL2066
GL226
GL239
GL250B
GL26
GL317
GL357
GL382
GL388
GL393
GL397
GL408
GL412A
GL433
GL445
GL450
GL48
GL486
GL49
GL514
GL569A
GL625
GL667C
GL686
GL687
GL694
GL699
GL745A
GL745B
GL793
GL803
GL806
GL83.1
GL87
GL876
GL905
GL908
HIP104432
HIP109388
HIP11048
HIP112460
HIP114914
HIP115332
HIP117886
HIP1368
HIP19165
HIP21556
HIP22627
HIP22762
HIP23512
HIP24284
HIP30112
HIP36338
HIP36834
HIP37217
HIP37766
HIP41689
HIP42220
HIP428
HIP46655
HIP46769
HIP47513
HIP48714
HIP53020
HIP55360
HIP5643
HIP57050
HIP57548
HIP60559
HIP60633
HIP63510
HIP66459
HIP67164
HIP70865
HIP70975
HIP71253
HIP71898
HIP74995
HIP8051
HIP80824
HIP83043
HIP84099
HIP86961
HIP91699
S122446
S130811
GL273
HIP54532
HIP57087
110897
225261
531A
531B
5470
GL47
6558
8038
9518A
S11844
10436
11020
HIP10449
16287
16623
17660
19034
HIP15904
21313
HIP16404
22282
24365
24451
28187
29528
36308
37213
40647
42250
58781
71334
71881
75732B
G161-29
233641
87836
88218
89391
90125
HIP51007
92222A
HIP52942A
GL406
BD-103166
HIP57450
103432
103829
105618
HIP59406B
G60-06
111484B
111484A
115589
118914
GL528B
120476A
129010
129814
130871
131117
131509
134440
134439
S101438B
136834
138549
138776
139457
143291
144988
145809
147231
146775
HIP80295
150433
150698
151877
151995
152792
156365
HIP84790
156826
157881
159063
160693
HIP87062
161848
164507
HIP89215
167216
167389
167665
LHS462
170174
G205-028
171067
GL4063
171665
172310
172513
173818
HIP92403
175541
230409
176982
G207-019
230999
180684
183870
185295
187897
188510
189625
192020
192344
193901
195019B
HIP103039
HIP103269
200565
200538
201203
HIP106924
206387
207874
209875
210312
210392
210460
211038
212291
212801
213628
217004
218168
218209
219542
219953
222697
223498
223691
