38a
38b
1388
3074a
4614
4614b
6101
6558
6734
8375
8648
9540a
11506
17230
18143
21019a
23439
24040
24496
24916
32923
33334
34445
34721
38230
40397
40467
47186
53665
63754
65277
71881
72659
74156
79210
79211
88218
88986
89391
91204
98618
100623
103459
105618
110315
110537
111484a
114714
115404a
120476a
126614
129814
131156
131509
140538a
145934
145958a
145958b
146362b
147231
149806
153557
156342
156826
159062
162232
165401
168443
173739
173740
179957
179958
180684
182488
186408
188512
190067
191408
195564
196201
200968
201091
201092
201203
213519
217014
219834b
gl397
gl528b
hip71898
hip94931
0748-01711-1
