57649.9524   .34267
57666.0141   .34327
57666.9056   .33930
57670.9018   .33907
57672.8936   .34093
57674.9748   .34037
57675.8828   .34287
57677.8770   .34200
57678.0024   .34023
57678.9674   .34297
57679.8711   .33833
57679.9349   .33930
57679.9638   .33830
57683.8658   .34120
57683.9469   .34150
57683.9769   .34410
57684.0034   .34130
57687.9896   .33893
57688.8493   .34127
57690.9523   .34270
57691.8406   .33990
57694.8372   .34007
57696.9924   .34073
57698.8638   .33983
57699.8226   .34230
57701.8173   .34003
57704.8056   .33960
57705.8954   .34237
57706.7991   .34333
57707.8806   .34313
57707.9204   .33993
57711.8747   .34400
57711.9138   .34230
57711.9559   .34157
57717.8540   .34393
57722.7998   .34273
57723.8064   .34277
57727.8890   .34247
57734.7879   .34037
57740.8776   .33943
57746.7886   .34017
57761.7169   .34167
57772.7465   .34230
57776.7503   .34173
57779.7544   .34007
57780.7576   .34297
57781.7696   .33987
57783.7455   .34530
57784.7432   .34267
57785.7128   .34073
57794.7221   .34510
57795.7161   .34360
57800.7164   .34083
57805.6916   .34303
57806.6896   .34277
57809.6980   .34317
57810.6947   .34260
57813.7340   .34210
57814.6739   .34373
57820.6340   .34210
57820.6659   .34297
57823.6514   .34347
57824.6631   .34243
57826.6609   .34280
57827.6453   .34387
57829.6542   .34150
57831.6542   .34433
57834.6330   .34477
57835.6369   .34433
57836.6487   .34367
57848.6256   .34337
