53699.8104   .34247
53700.7860   .33937
53703.8359   .34057
53704.8018   .34057
53705.8045   .34027
53706.8057   .34183
53709.7915   .34093
53710.8016   .34127
53711.7862   .33990
53712.7772   .34247
53714.7352   .33963
53721.7842   .33877
53721.8088   .34230
53721.8405   .34123
53721.9115   .34117
53722.8766   .34007
53724.7779   .34010
53725.7778   .34163
53729.7922   .34227
53732.7653   .33840
53733.7789   .34307
53735.7887   .34060
53739.8660   .34163
53740.7674   .34353
53744.6886   .34077
53745.7047   .34110
53746.7026   .34213
53747.7446   .34140
53748.7764   .34317
53751.8002   .33753
53752.7846   .34197
53753.7967   .34240
53755.7823   .34400
53756.7895   .34023
53757.7875   .34057
53758.7833   .34207
53760.7856   .34030
53765.7716   .34343
53766.7663   .34090
53767.7661   .33810
53768.7349   .34240
53772.6621   .34210
53773.6612   .34067
53777.7146   .33983
53777.7701   .34023
53778.7301   .34157
53779.7267   .34077
53782.7140   .34117
53791.6945   .34187
53797.6643   .34060
53799.6292   .34157
53803.6536   .33947
53808.6706   .34320
53810.6583   .34113
53823.6338   .33817
53827.6247   .33927
53831.6236   .34240
53832.6279   .33807
